2 2 0 0 0
0 6 0 0 4
0 2 0 0 1
0 2 0 1 0
0 6 0 0 4
0 2 0 0 1
0 2 1 0 0
0 2 0 0 1
0 2 0 0 0
0 2 0 0 1
0 2 0 0 1
0 2 0 0 1
0 7 1 0 0
2 2 0 0 0
0 2 0 0 0
2 2 0 0 0
0 2 0 0 1
0 7 2 0 0
0 2 0 0 1
0 6 1 0 4
4 6 0 0 0
3 5 7 7 7
4 6 0 0 3
0 6 0 0 4
0 2 0 0 1
2 7 1 0 4
0 6 0 0 4
2 2 0 0 0
0 2 0 0 0
4 6 0 0 0
4 6 0 0 0
0 2 0 0 0
0 2 0 0 0
0 2 0 0 0
0 2 0 2 0
2 2 0 0 0
0 2 0 2 0
0 2 0 0 1
0 2 0 0 1
0 2 0 0 0
0 2 0 0 0
0 7 2 0 0
0 2 0 0 0
0 7 1 0 0
0 7 1 0 0
0 6 0 0 4
5 2 0 0 0
0 2 0 0 0
0 2 0 0 0
0 2 2 0 0
2 2 0 0 0
6 2 0 0 0
0 6 1 1 5
0 6 0 0 4
0 2 0 0 1
0 2 2 2 0
0 7 1 0 0
0 2 0 0 1
0 2 0 0 1
0 2 0 0 1
0 2 0 0 1
2 2 0 0 0
0 2 0 0 1
0 2 0 0 1
2 2 0 0 0
6 2 0 0 0
0 2 0 0 0
0 2 0 0 0
0 6 0 0 4
0 2 0 1 0
0 2 0 0 1
0 2 0 0 0
0 7 1 0 0
2 2 0 0 0
0 2 0 1 0
0 6 0 0 4
