5 0 1 0 0 0 1 1 0 1 1 0 0 0 0 1 1 0 0 0 0 0 0 1 0 0 0 0 0 0 0 0 0 0 0 1 0 0 2 2 2 3 3 3 3 3 3 3 3 3 3 3 3 2 3 3 3 3 3 3 3 3 3 3 3 3 3 3 2 2 3 2 3 2 3 3 2 3 3 3 2 2 3 3 3 3 3 3 3 3 3 3 3 3 3 3 3 3 3 2 
7 0 0 0 0 0 1 1 1 1 1 0 0 0 0 1 0 0 0 0 0 0 0 0 0 0 0 0 0 1 0 0 0 0 0 0 0 2 2 2 2 2 2 2 2 2 2 2 2 3 3 3 3 3 3 3 3 3 3 3 3 3 3 3 3 3 3 3 3 3 3 2 3 2 2 2 2 2 2 2 2 2 2 2 2 2 2 2 2 2 2 2 2 2 2 2 2 3 3 3 
2 1 0 0 0 0 0 0 0 0 0 0 0 0 0 0 0 0 0 0 0 0 0 0 0 1 0 0 0 0 0 0 0 0 0 0 0 0 2 2 3 3 3 3 3 3 3 3 3 3 3 3 3 3 3 3 3 3 3 3 3 3 3 3 3 3 3 3 3 3 3 3 2 3 3 3 3 3 2 2 2 2 2 3 3 3 3 3 3 3 3 3 3 3 3 3 3 3 3 2 
0 0 1 1 1 1 1 1 1 1 1 1 1 1 1 1 1 1 1 1 1 1 1 1 1 1 1 1 1 1 1 1 1 1 1 1 1 3 3 3 3 3 3 3 3 3 3 3 3 3 3 3 3 3 3 3 3 3 3 3 3 3 3 3 3 3 3 3 3 3 3 3 3 2 3 3 2 2 2 3 3 3 2 2 3 3 3 3 3 3 3 3 3 3 3 3 3 3 3 3 
2 1 0 1 0 0 0 0 0 1 1 1 1 1 1 1 0 0 0 0 0 0 0 0 0 1 0 1 0 0 0 1 1 1 0 0 0 0 3 3 3 3 3 3 3 3 3 3 3 3 3 3 3 3 3 3 3 3 3 3 3 3 3 3 3 3 3 3 3 3 3 3 3 3 2 2 2 3 2 3 3 3 3 2 3 3 3 3 3 3 3 3 3 3 3 3 3 3 2 2 
4 0 0 0 0 0 0 0 0 0 0 0 0 0 0 0 0 0 0 0 0 0 0 0 0 0 0 0 0 0 0 0 0 0 0 0 0 2 2 2 3 2 2 2 3 2 3 3 3 3 3 3 3 3 3 3 3 3 3 3 3 3 3 3 3 3 3 3 3 2 3 2 2 2 2 3 2 2 2 2 2 2 3 2 3 2 2 2 2 3 3 3 3 3 3 3 3 2 2 2 
2 1 1 1 1 0 1 1 1 1 1 1 1 1 1 1 1 1 1 1 1 3 1 1 1 1 1 1 1 1 1 1 1 0 1 1 1 1 1 1 1 1 1 1 0 1 1 1 1 1 1 1 1 1 1 1 1 1 1 1 1 1 0 0 0 0 0 1 1 1 0 0 1 1 0 0 0 0 1 0 0 0 0 0 0 0 1 1 1 1 1 1 1 1 1 1 1 1 1 1 
3 1 1 1 1 1 1 1 1 1 1 1 1 1 1 1 1 1 1 1 1 1 1 1 1 1 1 1 1 1 1 1 1 1 1 1 1 1 1 1 1 1 1 1 1 1 1 1 1 1 1 1 1 1 1 1 1 1 1 1 1 1 1 1 1 1 0 1 1 0 1 0 1 0 0 1 1 0 0 1 1 1 1 0 0 1 1 1 1 1 1 1 1 1 1 1 1 1 1 1 
4 1 1 1 1 1 1 1 1 1 1 1 1 1 1 1 1 0 1 1 1 1 1 1 1 1 1 1 1 1 1 1 1 1 1 1 1 1 1 1 1 1 1 1 1 1 1 1 1 1 1 1 1 1 1 1 1 1 1 1 1 1 1 1 1 1 1 1 0 1 0 1 0 1 1 1 1 1 1 0 1 0 0 1 1 1 1 1 1 1 1 1 1 1 1 1 1 1 1 0 
5 1 1 1 1 1 1 1 1 1 1 1 1 1 1 1 1 1 1 1 1 1 1 1 1 1 1 1 1 1 1 1 1 1 1 1 1 1 1 1 1 1 1 1 1 1 1 1 1 1 1 1 1 1 1 1 1 1 1 1 1 1 1 1 1 1 1 0 1 0 0 1 1 0 0 1 0 0 0 0 0 0 0 0 1 1 1 1 1 1 1 1 0 1 1 1 0 0 1 0 
3 1 1 1 1 1 1 1 1 1 1 1 1 1 1 1 1 1 1 1 1 1 1 1 1 1 1 1 1 1 1 1 1 1 1 1 1 1 1 1 1 1 1 1 1 1 1 1 1 1 1 1 1 0 1 1 1 1 1 1 1 1 1 1 0 0 1 0 1 1 1 1 1 1 1 1 1 0 1 1 1 1 1 1 0 1 1 1 1 1 1 1 1 1 1 1 1 1 1 1 
2 1 1 1 1 1 1 1 1 1 1 1 1 1 1 1 1 1 1 1 1 1 1 1 1 1 1 1 1 1 1 1 1 1 1 1 1 1 1 1 1 1 1 1 1 1 1 1 1 1 1 1 1 1 1 1 1 1 1 1 1 1 1 1 1 1 1 1 1 1 1 1 1 0 1 1 0 1 1 1 1 0 1 0 1 1 1 1 1 1 1 1 1 1 1 1 1 1 1 1 
0 0 1 1 1 1 1 1 1 1 1 1 1 1 1 1 1 1 1 1 1 1 1 1 1 1 1 1 1 1 1 1 1 1 1 1 1 1 1 1 1 0 1 1 1 0 1 1 1 1 1 1 1 1 1 1 1 1 1 1 1 1 1 1 1 1 1 1 1 0 0 0 0 1 0 1 0 1 0 1 1 1 1 1 1 1 1 1 1 1 1 1 1 1 0 0 0 1 0 0 
3 1 1 1 1 1 1 1 1 1 1 1 1 1 1 1 1 1 1 1 1 1 1 1 1 1 1 1 1 1 1 1 1 1 1 1 1 1 1 1 1 1 1 1 1 1 1 1 1 1 1 1 1 1 1 1 1 1 1 1 1 1 1 1 1 1 1 1 1 0 1 1 1 1 0 1 0 1 0 1 1 1 1 0 0 1 1 1 1 1 1 1 1 1 1 1 1 1 1 1 
5 3 3 3 3 3 3 3 3 3 3 3 3 3 3 3 3 3 2 3 5 5 5 5 5 5 5 5 5 5 5 5 5 5 5 5 5 5 5 5 5 5 5 5 5 5 5 5 5 5 5 5 5 5 5 5 5 5 5 5 5 5 5 5 5 5 5 5 4 4 4 5 4 4 5 5 5 5 4 5 4 4 5 5 5 5 5 5 5 5 5 5 5 5 5 5 5 5 5 5 
0 3 3 3 3 3 3 3 3 3 3 3 3 3 3 3 3 3 3 3 5 5 5 5 5 5 5 5 5 5 5 5 5 5 5 5 5 5 5 5 5 5 5 5 5 5 5 5 5 5 5 5 5 5 5 5 5 5 5 5 5 5 5 5 5 5 5 4 5 5 5 4 5 5 4 5 5 5 4 4 5 5 5 5 5 5 5 5 5 5 5 5 5 5 5 5 4 5 4 5 
5 3 3 3 3 3 3 3 3 3 3 3 3 3 3 3 3 3 3 3 5 5 5 4 5 5 5 5 5 5 5 5 5 5 5 5 5 5 5 5 5 5 5 5 4 4 5 5 5 5 5 5 5 5 5 5 5 5 5 5 5 5 5 5 5 5 5 5 5 5 5 5 5 5 4 4 5 5 5 5 5 4 5 5 5 5 5 5 5 5 5 5 5 5 5 5 5 4 5 4 
1 3 3 3 3 3 3 3 3 3 3 3 3 3 3 3 3 2 2 2 4 4 4 5 5 5 5 5 5 5 5 7 7 7 5 5 5 5 5 5 5 5 5 5 5 4 5 5 5 4 5 5 5 4 4 4 4 4 4 4 5 5 5 4 5 5 5 4 4 4 4 4 4 4 4 4 4 5 4 4 4 4 4 4 4 4 4 4 4 4 4 4 4 4 4 4 4 4 4 4 
0 2 3 3 3 3 3 3 3 3 3 3 3 3 3 3 3 3 3 3 5 5 5 5 5 5 5 5 5 5 5 5 5 5 5 5 5 5 5 5 5 5 5 5 5 5 5 5 5 5 5 5 5 5 5 5 5 5 5 5 5 5 5 5 5 5 5 5 5 5 5 5 5 5 5 5 5 4 4 5 5 4 4 4 5 5 5 5 5 5 5 5 5 5 5 5 5 5 5 5 
2 3 3 3 3 3 3 3 3 3 3 3 3 3 3 3 2 3 3 3 5 5 5 5 5 5 5 5 5 5 5 5 5 5 5 5 5 5 5 5 5 5 5 5 5 5 5 4 4 5 5 5 5 5 5 5 5 5 5 5 5 5 5 5 5 5 5 4 4 4 4 4 4 4 5 5 5 5 5 4 4 4 4 4 5 5 5 5 5 5 5 5 5 5 5 5 5 4 4 4 
3 1 1 0 1 1 1 1 1 1 1 1 1 1 1 0 1 1 1 1 0 0 1 0 0 1 1 0 1 1 1 1 0 0 0 0 2 3 3 3 3 3 3 3 3 3 3 3 3 3 3 3 3 2 3 3 3 3 3 3 3 3 3 2 2 2 3 2 3 3 2 3 3 3 3 3 3 3 3 3 3 3 3 3 3 3 3 3 3 3 3 3 3 3 3 3 3 3 2 3 
3 0 1 0 0 0 0 0 0 0 0 0 1 0 0 0 0 0 0 0 0 0 1 0 1 1 0 0 0 0 0 0 0 0 0 0 0 0 0 2 2 2 3 3 3 2 3 3 3 3 3 3 3 3 3 3 2 2 2 2 2 2 2 2 3 3 3 3 3 3 3 3 3 3 3 3 3 3 3 3 3 3 2 2 2 2 3 3 3 3 3 3 3 3 3 3 3 3 2 3 
4 0 0 0 0 0 0 0 0 0 0 0 0 0 0 0 0 0 0 0 0 0 0 0 0 0 0 0 0 0 0 0 0 0 0 0 0 0 2 2 2 2 2 2 2 2 2 2 2 2 2 3 3 3 3 2 2 2 3 3 3 2 2 2 2 3 2 2 3 3 2 2 2 3 2 2 3 3 3 2 2 3 2 2 3 2 2 2 3 3 3 3 2 2 3 3 3 3 2 3 
7 1 0 0 1 1 1 1 1 1 1 0 1 1 1 0 0 0 1 0 0 0 0 0 0 1 1 0 0 1 1 1 1 1 1 1 1 2 3 3 3 3 3 3 3 2 3 3 3 3 3 3 3 3 3 3 3 3 3 3 3 3 3 3 3 3 3 3 3 2 2 2 2 3 2 2 3 2 3 2 2 2 3 2 2 3 3 3 2 3 3 3 3 3 2 2 2 2 2 2 
0 1 1 1 1 1 1 1 1 1 1 1 1 1 1 1 1 1 1 1 1 1 1 1 1 1 1 1 1 1 1 1 1 1 1 1 1 1 3 3 3 3 3 3 3 3 3 3 3 3 3 3 3 3 3 3 3 3 3 3 3 3 3 3 3 3 3 3 3 2 3 2 3 3 2 3 3 3 2 3 3 2 3 3 3 3 3 3 3 3 3 3 3 3 3 3 3 3 3 2 
1 0 0 0 0 0 0 0 0 0 0 0 0 0 0 0 0 0 0 0 0 0 0 0 0 0 0 0 0 0 0 0 0 0 0 0 0 0 2 3 3 3 3 3 3 3 3 3 3 3 3 3 3 3 3 3 3 3 3 3 3 3 3 3 3 3 3 3 3 3 3 3 2 3 2 3 2 2 2 2 2 3 2 3 2 2 3 3 3 3 3 3 3 3 3 3 3 3 2 3 
2 0 1 1 1 1 0 0 0 0 0 0 0 0 0 0 0 0 0 0 0 1 1 0 0 1 0 0 0 0 0 1 0 0 0 0 0 3 2 2 3 2 3 3 3 2 2 3 2 2 2 2 2 3 3 3 2 2 2 2 2 2 2 2 2 2 2 2 2 2 2 2 2 2 2 2 2 2 2 2 2 2 2 2 2 3 2 3 3 3 3 3 3 2 2 2 2 3 2 3 
3 0 0 0 0 0 0 0 0 0 0 0 0 0 0 0 0 0 0 0 0 0 0 0 1 0 0 0 1 0 0 0 0 0 0 0 0 2 3 3 3 3 3 3 3 2 2 3 2 2 3 3 3 2 3 3 3 3 3 3 3 3 3 3 3 3 3 3 3 3 2 2 2 2 3 2 3 2 2 3 3 3 3 2 3 3 3 3 3 3 3 3 3 3 3 3 3 3 3 2 
4 0 0 0 0 0 0 0 0 0 0 0 0 0 0 0 0 0 0 0 0 0 0 0 0 0 0 0 0 0 0 0 0 0 0 0 0 2 2 2 2 3 3 3 3 3 2 2 2 2 2 3 2 3 3 3 3 3 3 3 3 3 3 3 3 3 3 3 3 2 2 2 2 2 2 2 2 2 2 3 3 3 3 3 2 2 2 3 3 2 2 2 3 3 3 3 3 2 3 2 
3 0 0 1 1 1 1 1 1 1 0 0 1 1 1 1 1 0 1 1 1 0 0 1 1 1 1 1 1 1 1 1 1 1 1 1 1 1 3 3 3 3 3 3 3 3 3 3 3 3 3 3 3 2 3 3 3 3 3 3 3 3 3 3 3 3 2 3 2 3 3 2 2 3 3 2 3 2 2 3 3 3 3 2 3 3 3 3 3 3 3 3 3 3 3 3 3 3 3 3 
1 1 0 0 0 1 1 1 1 1 1 1 0 1 1 1 1 1 1 1 1 0 0 0 0 0 0 0 0 0 0 1 1 0 0 0 1 2 3 3 3 3 3 3 3 3 3 2 3 3 3 3 3 3 3 3 3 3 3 3 3 3 3 3 3 3 3 2 3 3 3 2 2 2 3 2 3 3 3 3 3 2 3 2 3 3 3 3 3 3 3 3 3 3 3 3 3 3 2 2 
6 0 0 0 0 0 0 0 0 0 0 0 0 0 0 0 0 0 0 0 1 0 1 1 1 1 0 1 1 0 0 0 0 0 0 0 0 3 2 2 3 3 3 3 3 3 3 3 3 3 3 3 3 3 3 3 3 3 3 3 3 3 3 3 3 3 3 3 3 3 3 3 2 2 3 3 3 3 3 2 2 2 2 2 2 2 2 3 3 3 3 3 3 3 3 3 3 2 3 2 
7 0 1 1 1 1 1 1 1 1 1 1 1 1 1 1 1 0 1 1 1 1 1 1 1 1 1 1 1 1 1 1 1 1 1 1 1 3 3 3 3 3 3 3 3 3 3 3 3 3 3 3 3 3 3 3 3 3 3 3 3 3 3 3 3 3 3 3 3 2 3 3 3 2 3 3 3 3 3 3 2 2 3 3 3 3 2 3 3 3 3 3 3 3 3 3 3 3 3 3 
5 0 1 0 0 0 0 0 1 1 1 1 1 1 1 1 0 0 0 0 0 0 1 0 0 0 0 0 0 0 0 0 1 0 0 0 0 0 2 2 3 3 3 3 3 3 3 3 3 3 3 3 3 3 2 2 2 3 3 3 3 3 3 3 3 3 3 3 3 2 3 3 2 3 2 3 2 2 2 2 3 2 2 2 2 3 3 3 3 3 3 3 3 3 3 3 3 2 3 2 
7 5 5 5 5 5 5 5 5 5 5 5 5 5 5 5 5 5 5 5 9 9 9 9 9 9 9 9 9 9 9 9 9 9 9 9 9 9 9 9 9 9 9 9 9 11 11 9 9 9 9 9 9 8 9 11 9 9 9 9 9 9 11 9 11 9 8 8 9 9 10 8 11 9 11 9 9 9 9 9 9 9 9 8 9 9 11 9 9 9 9 9 9 9 9 9 9 9 9 8 
2 5 5 5 5 5 5 5 5 5 5 5 5 5 5 5 5 5 5 5 9 9 9 9 8 9 9 9 9 9 9 9 9 8 9 9 9 9 8 8 9 9 9 9 9 9 9 9 8 8 8 9 8 8 8 9 9 9 9 9 9 9 8 9 9 9 9 8 9 9 9 9 9 9 9 9 9 8 8 8 8 8 9 8 8 9 9 9 9 8 8 8 8 8 8 8 8 9 8 9 
2 5 5 5 5 5 5 5 5 5 5 5 5 5 5 5 5 5 5 5 9 9 9 9 8 9 9 9 9 9 9 11 11 11 9 9 9 9 8 8 10 8 8 8 8 10 9 9 9 9 11 9 9 9 9 9 9 9 9 9 9 9 9 9 9 9 9 9 9 8 8 9 10 10 8 8 11 8 8 8 10 8 8 9 9 9 11 9 9 9 9 9 9 9 11 9 9 8 9 9 
2 5 5 5 5 5 5 5 5 5 5 5 5 5 5 5 5 5 5 5 9 9 9 9 9 9 9 9 9 9 9 9 9 9 9 9 9 9 9 9 9 9 9 9 9 9 9 9 9 9 9 9 9 9 9 9 9 9 9 9 9 9 9 9 9 8 9 9 9 8 8 8 8 8 9 9 9 9 9 9 9 8 9 9 9 9 9 9 9 9 9 9 9 9 9 9 9 8 8 9 
7 4 5 5 5 5 5 5 5 5 5 5 5 5 5 5 5 5 5 5 9 9 9 9 9 9 9 9 9 9 9 9 9 9 9 9 9 9 9 9 9 9 9 9 8 8 8 9 8 8 9 9 9 8 9 9 9 9 9 9 9 9 9 9 9 9 9 9 9 9 9 8 8 9 8 8 8 8 8 8 8 8 8 8 8 8 8 8 8 8 9 9 9 9 9 9 9 9 8 9 
3 5 5 5 5 5 5 5 5 5 5 5 5 5 5 5 5 5 5 5 9 9 9 9 9 9 9 9 9 9 9 9 9 9 9 9 9 9 8 8 8 8 10 9 9 9 9 8 8 8 9 8 9 8 8 8 8 8 8 8 8 8 8 8 8 8 8 9 9 8 8 8 8 8 8 8 8 8 8 8 8 8 8 8 8 8 8 8 9 8 8 8 8 8 8 8 8 8 8 8 
1 3 3 3 3 3 3 3 3 3 3 3 3 3 3 3 3 3 3 3 5 5 5 5 5 5 5 5 5 5 5 5 5 5 5 5 5 5 5 5 5 5 5 5 5 5 4 4 4 4 5 5 5 5 5 5 5 5 5 4 4 5 4 4 5 4 4 4 5 5 5 4 4 5 4 5 5 5 5 5 5 5 5 5 5 5 5 5 5 5 5 5 5 5 5 5 5 5 5 5 
4 2 3 3 3 3 3 3 3 3 3 3 3 3 3 3 3 3 3 3 5 5 5 5 5 5 5 5 5 5 5 5 5 5 5 5 5 5 5 5 5 5 4 5 5 5 5 5 5 5 5 5 5 5 5 5 5 5 5 5 5 5 5 5 5 5 5 5 5 4 4 4 4 4 4 5 4 5 4 4 4 4 4 5 5 4 4 4 4 4 4 4 4 4 4 4 4 4 4 4 
1 3 3 3 3 3 3 3 3 3 3 3 3 3 3 3 3 3 3 3 5 5 5 5 5 5 5 5 5 5 5 5 5 5 5 5 5 5 5 5 5 5 5 5 5 5 5 5 5 4 4 5 5 4 5 5 5 5 5 5 5 5 4 4 4 4 4 4 4 4 4 4 4 4 4 4 4 4 4 4 4 4 4 4 4 4 4 5 5 5 5 5 5 5 5 5 5 5 5 4 
0 3 3 3 3 3 3 3 3 3 3 3 3 3 3 3 3 3 3 3 5 5 5 4 5 7 5 5 5 5 5 5 5 5 5 5 5 5 5 5 5 5 5 5 5 5 5 5 5 5 5 5 5 5 5 5 5 5 5 4 4 5 4 5 5 5 5 5 5 5 5 5 5 5 5 5 5 5 5 5 5 5 5 4 5 5 5 5 5 5 5 5 5 5 5 5 5 5 4 4 
4 3 3 3 3 3 3 3 3 3 3 3 3 3 3 2 3 2 2 2 4 4 5 5 5 5 5 5 5 4 5 5 5 5 5 5 5 5 5 5 5 5 5 5 5 5 5 5 5 5 5 5 5 5 4 4 4 5 5 5 5 5 5 5 5 5 5 5 5 5 4 4 4 5 5 5 5 5 4 4 4 4 4 4 4 4 5 5 5 5 5 5 5 5 5 5 5 5 5 4 
4 3 3 3 3 3 3 3 3 3 3 3 3 3 3 3 3 3 3 3 5 5 5 5 5 5 5 5 5 5 5 5 5 5 5 5 5 5 5 5 5 5 5 5 5 4 5 5 5 5 5 5 4 5 5 5 5 5 5 5 5 5 5 5 5 5 5 5 5 5 5 4 5 4 5 5 5 5 4 4 4 4 4 4 4 4 5 5 5 5 5 5 5 5 5 5 5 5 5 4 
4 3 3 3 3 3 3 3 3 3 3 3 3 3 3 3 3 3 3 3 5 5 5 5 5 5 5 4 5 5 5 5 5 5 5 5 5 5 5 5 5 5 5 5 5 5 5 5 5 5 5 5 5 4 4 5 5 5 5 5 4 5 4 4 5 5 5 5 4 5 4 4 4 4 5 5 5 5 5 5 5 4 4 5 5 5 5 5 5 5 5 5 5 5 5 5 5 5 4 4 
1 3 3 3 3 3 3 3 3 3 3 3 3 3 3 3 3 3 3 3 5 5 5 5 5 5 5 5 5 5 5 5 5 5 5 5 5 5 5 5 5 5 5 5 5 5 5 5 5 5 5 5 5 5 5 5 5 5 5 5 5 5 5 5 5 5 5 4 4 4 4 5 5 4 4 4 4 5 5 5 5 5 5 5 5 5 5 5 5 5 5 5 5 5 5 5 5 4 5 5 
3 3 3 3 3 3 3 3 3 3 3 3 3 3 3 3 3 3 3 3 5 5 5 5 5 5 5 5 5 5 5 5 5 5 5 5 5 5 5 5 5 5 5 5 5 5 5 5 5 5 5 5 5 5 5 5 5 5 5 5 5 5 5 5 5 5 4 5 5 5 5 5 4 5 5 5 5 5 5 4 5 5 5 5 5 5 5 5 5 5 5 5 5 5 5 4 4 5 4 4 
1 3 3 3 3 3 3 3 3 3 3 3 3 3 3 3 3 3 3 3 5 5 5 5 5 5 5 5 5 5 5 5 5 5 5 5 5 5 5 5 5 5 5 5 5 5 5 5 5 5 5 5 5 4 5 5 5 5 5 5 5 5 5 5 5 5 5 5 5 5 5 5 5 5 5 5 5 4 5 5 5 5 5 5 4 5 5 5 5 5 5 5 5 5 5 5 5 5 5 5 
1 3 3 3 3 3 3 3 3 3 3 3 3 3 3 3 3 3 3 3 5 5 5 5 5 5 5 7 5 5 5 5 5 5 5 5 5 5 5 5 5 5 5 5 5 5 5 5 5 5 5 5 5 5 5 5 5 5 5 5 5 5 4 5 5 5 5 4 4 5 4 4 4 4 4 4 5 4 4 5 4 4 5 5 5 5 5 5 5 5 5 5 5 5 5 5 5 5 4 5 
6 2 3 3 3 3 3 3 3 3 3 3 3 3 3 3 3 3 3 3 4 4 5 5 5 5 5 5 5 5 5 5 5 4 5 5 5 5 5 5 5 5 5 5 5 5 5 5 5 5 5 5 5 5 5 5 5 5 5 5 5 5 5 5 5 4 4 4 4 4 4 4 4 4 4 4 4 4 4 4 4 4 4 4 4 5 5 5 5 5 5 5 5 5 5 5 5 5 4 5 
0 2 3 3 3 3 3 3 3 3 3 3 3 3 3 3 3 3 3 3 5 5 4 5 5 5 5 5 5 5 5 5 5 5 5 5 5 5 5 5 5 5 5 5 5 5 5 5 5 5 5 5 5 5 5 5 5 5 5 5 5 5 5 5 4 4 4 5 4 5 5 5 4 5 5 5 5 4 4 5 5 5 5 5 5 5 5 5 5 5 5 5 5 5 5 5 5 5 5 5 
3 3 3 3 3 3 3 3 3 3 3 3 3 3 3 3 3 3 3 3 5 5 5 5 5 5 5 5 5 5 5 5 5 5 5 5 5 5 5 5 5 5 5 5 5 5 5 5 5 5 5 5 5 5 5 5 5 5 5 5 5 5 5 5 5 5 5 5 5 4 4 5 5 5 5 5 5 5 5 4 4 4 4 4 5 5 5 5 5 5 5 5 5 5 5 5 5 5 4 4 
2 4 5 5 5 5 5 5 5 5 5 5 5 5 5 5 5 5 5 5 9 9 9 11 11 9 9 9 11 9 9 9 9 9 9 9 9 9 9 9 9 9 9 9 8 9 9 9 9 9 9 9 9 9 9 9 9 9 9 9 9 9 9 9 9 9 9 8 8 9 9 9 9 8 9 9 9 8 8 8 9 9 9 9 9 8 8 8 9 9 9 9 9 9 9 9 9 9 9 9 
2 5 5 5 4 5 5 5 5 5 5 5 4 5 5 5 5 5 4 4 8 8 9 9 9 9 9 9 9 9 9 9 9 8 8 8 9 9 9 9 9 9 9 9 9 9 9 9 9 9 9 9 9 9 9 9 9 9 9 9 9 8 8 8 8 8 8 8 9 8 8 8 8 8 9 9 9 9 8 8 8 8 8 8 9 8 9 9 9 9 9 9 9 9 9 9 9 9 9 8 
1 5 5 5 4 5 5 5 5 5 5 5 5 5 5 4 4 4 5 5 9 9 9 9 8 9 9 9 9 9 8 9 9 9 9 9 9 8 9 9 9 9 9 9 8 9 9 9 9 9 9 9 9 9 9 9 9 9 9 9 9 9 9 9 8 9 8 9 8 8 8 8 8 8 8 8 8 9 8 8 8 8 8 8 8 8 8 8 8 8 8 8 8 8 8 8 8 8 8 8 
6 4 5 5 5 5 5 5 5 5 5 5 5 5 5 5 5 5 5 5 9 9 9 9 9 9 9 9 9 9 9 9 9 9 9 9 9 9 9 9 9 9 9 9 9 8 9 9 9 9 9 9 9 9 9 9 9 9 9 9 9 9 8 9 9 9 9 9 9 8 8 9 8 8 8 9 9 9 8 8 9 8 8 8 8 8 9 9 9 9 9 9 9 9 9 9 9 9 9 9 
6 5 5 5 5 5 5 5 5 5 5 5 5 5 5 5 5 5 5 5 9 9 9 9 9 9 9 9 9 9 9 9 9 9 9 9 9 9 9 9 9 9 9 9 9 9 9 8 9 9 9 9 9 8 9 9 9 9 9 9 9 9 9 9 9 9 9 9 9 9 9 9 9 9 8 9 9 9 9 9 9 9 8 8 9 9 9 9 9 9 9 9 9 9 9 9 9 9 8 9 
5 5 5 5 5 5 5 5 5 5 5 5 5 5 5 5 5 5 5 5 9 9 9 9 9 9 9 9 9 9 9 9 9 9 9 9 9 9 9 9 9 9 9 9 9 9 9 9 9 9 9 9 9 9 9 9 9 9 9 9 9 9 9 9 9 9 8 8 8 9 9 8 9 9 9 9 9 8 8 9 9 9 9 8 8 9 9 9 9 9 9 9 9 9 9 9 9 9 9 9 
5 4 4 4 4 4 4 4 4 4 4 4 4 4 5 5 5 4 4 4 8 9 8 8 9 9 9 9 9 9 9 9 8 9 9 8 9 8 10 11 10 10 10 10 11 11 11 10 11 11 11 11 11 11 11 10 10 10 10 10 10 11 11 11 10 11 10 10 10 10 11 11 10 11 10 10 10 10 10 10 10 10 10 10 10 10 11 10 10 10 10 10 10 10 10 10 10 11 10 10 
6 5 5 5 5 5 5 5 4 5 5 4 4 4 5 4 4 4 5 4 8 9 9 9 9 9 8 8 9 9 9 9 9 9 9 8 9 8 8 8 8 10 10 8 8 8 8 9 8 8 11 11 8 10 10 10 10 8 8 9 8 8 8 9 8 8 8 8 8 8 8 8 8 8 8 8 8 8 8 8 8 8 8 8 10 8 8 8 8 8 8 8 8 8 8 8 8 8 8 9 
4 4 4 4 4 4 4 4 4 4 4 4 4 4 4 4 4 4 4 4 8 8 9 9 9 9 8 8 8 8 8 9 8 8 8 10 10 9 8 8 10 10 10 10 10 10 10 10 10 10 10 11 11 10 10 10 10 10 10 10 10 10 10 10 10 11 10 10 10 10 10 10 10 10 10 10 10 10 10 10 10 10 10 10 10 10 10 10 11 10 10 10 10 10 10 10 8 10 10 11 
4 5 4 4 4 4 4 4 4 4 5 5 4 4 4 4 4 4 4 4 8 8 9 9 9 9 9 8 8 8 8 8 8 8 8 8 9 8 11 11 11 11 11 11 11 11 11 11 11 11 11 11 11 11 11 11 11 10 11 11 10 10 10 10 10 10 10 10 10 10 10 11 10 10 10 10 10 10 10 10 8 8 10 11 11 10 10 10 10 10 10 10 10 10 10 10 10 10 11 10 
7 5 5 5 5 5 5 4 5 4 4 5 5 5 5 4 5 4 4 4 9 9 9 9 8 9 9 9 9 9 8 9 9 9 9 9 9 9 10 11 10 10 10 10 10 10 10 10 11 11 11 11 10 11 11 10 10 10 10 11 11 10 11 10 10 10 10 10 10 10 10 10 10 10 10 10 10 10 10 10 10 10 10 10 10 10 10 10 10 10 10 10 10 10 10 10 10 10 10 11 
2 5 5 5 5 5 5 5 4 4 4 4 4 4 4 5 5 5 5 5 9 8 9 9 9 9 9 9 9 9 9 9 8 9 9 8 9 8 9 10 11 11 11 11 11 11 11 11 11 11 11 11 11 11 8 11 11 10 10 10 10 10 10 10 10 10 10 10 10 10 10 10 10 10 10 10 10 10 10 10 11 10 10 10 10 10 10 10 8 10 10 10 10 10 10 10 11 10 11 11 
7 5 5 5 5 5 5 5 5 5 5 5 5 5 5 5 5 5 5 5 9 9 9 9 9 9 9 9 9 9 9 9 9 9 9 9 9 9 9 9 9 9 9 9 9 9 9 9 9 9 9 9 9 9 9 9 9 9 9 9 9 9 8 8 8 8 8 8 9 8 8 9 8 9 8 9 9 9 9 8 8 8 8 8 9 9 9 9 9 9 9 9 9 9 9 9 9 8 9 8 
1 4 5 5 4 5 5 5 5 5 5 4 5 5 5 5 5 4 5 5 9 9 9 9 9 9 9 9 11 11 11 11 11 11 11 9 9 9 9 9 9 9 9 9 9 9 9 9 9 9 9 9 9 9 9 9 9 9 9 9 9 9 9 9 9 9 9 9 9 9 9 9 9 8 8 9 9 9 9 8 9 8 9 9 8 8 9 9 9 9 9 9 9 9 9 9 9 9 9 8 
5 5 5 5 5 5 5 5 5 5 5 5 5 5 5 5 5 5 5 5 9 9 9 9 9 9 9 9 9 9 9 9 9 9 9 9 9 9 9 9 9 9 9 9 9 9 9 9 9 9 9 9 9 9 9 9 9 9 9 9 9 9 9 9 9 9 9 9 11 9 9 8 11 11 9 9 9 8 8 8 8 8 8 8 9 8 9 9 9 9 9 9 9 9 9 9 9 9 9 9 
7 5 5 5 5 5 5 5 5 5 5 5 5 5 5 5 5 5 4 5 9 9 9 9 9 9 8 9 9 9 9 9 9 9 9 9 9 9 9 9 9 9 9 9 9 8 9 9 9 9 9 9 9 9 9 9 9 9 9 9 9 9 9 9 9 9 9 9 9 8 9 9 9 9 8 9 8 8 8 8 8 8 8 8 9 9 9 9 9 9 9 9 9 9 9 9 8 9 8 8 
4 5 5 5 5 5 5 5 5 5 5 5 5 5 5 5 5 5 5 5 9 9 9 9 9 9 9 9 9 9 9 9 9 9 9 9 9 9 9 9 9 9 9 9 9 9 9 9 9 9 9 9 9 9 9 9 9 9 9 9 9 9 9 9 9 9 8 9 9 9 9 8 8 9 9 9 8 8 9 9 9 9 9 9 9 9 9 9 9 9 9 9 9 9 9 9 9 9 8 9 
1 5 5 5 5 5 5 5 5 5 5 5 5 5 5 5 5 5 5 5 9 9 9 9 9 9 9 9 9 9 9 9 9 9 9 9 9 9 9 9 9 9 9 9 9 9 9 9 9 9 9 9 9 8 9 9 9 9 9 9 9 9 9 9 9 9 9 8 8 8 9 9 9 9 8 9 9 8 9 8 9 9 9 8 9 9 9 9 9 9 9 9 9 9 9 9 9 9 8 9 
6 5 5 5 5 5 5 5 5 5 5 5 5 5 5 5 5 5 5 5 9 9 9 9 9 9 9 9 9 9 9 9 9 9 9 9 9 9 9 8 8 8 9 9 9 9 9 8 8 8 8 8 9 9 9 9 9 9 9 9 9 9 9 9 9 9 8 9 9 9 8 8 9 8 9 9 9 9 9 8 8 8 8 9 9 9 9 9 9 9 9 9 9 9 9 9 9 9 9 8 
3 5 5 5 5 5 5 5 5 5 5 5 5 5 5 5 5 5 5 5 9 9 9 9 9 9 9 9 9 9 9 9 9 9 9 9 9 9 9 9 9 9 9 9 9 9 9 9 9 9 9 9 9 9 9 9 9 9 9 9 9 9 9 9 9 9 9 9 9 9 9 9 8 9 9 9 9 8 9 8 9 9 9 9 9 9 9 9 9 9 9 9 9 9 9 9 9 9 8 9 
5 6 6 7 7 7 7 7 7 7 7 7 7 7 7 7 7 7 7 7 13 13 13 13 13 13 13 13 13 13 13 13 13 13 13 13 13 13 13 13 13 13 13 13 13 13 13 13 13 13 13 13 13 13 13 13 13 13 13 13 13 13 13 13 13 13 13 13 13 13 12 12 12 13 13 12 12 13 12 12 12 12 13 12 13 12 13 13 13 13 13 13 13 13 13 13 13 13 13 13 
0 6 7 7 7 7 7 7 6 6 6 7 7 7 7 7 7 7 7 7 13 13 13 13 15 13 13 13 13 13 13 13 13 13 13 13 13 13 13 13 13 13 13 13 13 13 13 13 13 13 13 13 13 13 13 13 13 13 13 13 13 13 12 12 13 13 13 13 13 13 13 13 13 13 13 13 13 12 13 12 13 13 13 12 13 13 13 13 13 13 13 13 13 13 13 13 13 12 12 13 
2 6 7 6 7 7 7 7 7 7 7 7 7 7 7 7 7 7 7 7 13 13 13 13 13 13 13 13 13 13 13 13 13 13 12 13 13 13 13 13 13 13 13 13 13 13 13 13 13 13 13 13 13 12 13 13 13 13 13 13 13 13 13 13 13 13 13 13 13 13 13 13 12 13 13 13 13 13 13 13 13 13 13 12 13 13 13 13 13 13 13 13 13 13 13 13 13 13 13 13 
6 6 7 7 7 7 7 7 7 7 7 7 7 7 7 7 7 7 7 7 13 13 13 13 13 13 13 13 13 13 13 13 13 13 13 13 13 13 13 13 13 13 13 13 13 13 13 13 13 13 13 13 13 12 13 13 13 13 13 13 13 13 13 13 13 13 12 13 13 13 13 13 12 12 12 12 13 13 12 13 13 13 13 12 13 13 13 13 13 13 13 13 13 13 13 13 13 13 13 13 
0 6 7 7 6 7 7 7 7 7 6 7 7 7 7 7 7 7 7 7 13 13 13 13 13 13 13 13 13 13 13 13 13 13 12 13 13 13 13 13 13 13 13 13 13 13 13 13 13 13 13 13 13 13 13 13 13 13 13 13 13 13 13 13 13 13 13 12 13 13 13 12 12 12 12 13 13 12 12 12 13 12 12 12 12 12 13 13 13 13 13 13 13 13 13 13 13 13 13 12 
2 6 7 7 6 7 7 7 7 7 7 6 7 7 7 7 7 7 7 7 13 13 12 13 13 13 13 13 13 13 13 13 13 13 13 13 13 13 13 13 13 13 13 13 13 13 13 13 13 13 13 13 13 13 13 13 13 13 13 13 13 13 13 13 12 12 12 12 13 13 13 13 13 12 12 13 13 13 12 12 12 12 12 12 12 13 12 12 13 13 13 13 13 13 13 13 13 13 12 13 
0 4 4 4 4 4 4 4 4 4 4 4 4 4 4 4 4 4 4 4 8 8 8 8 8 9 8 8 8 8 8 8 8 8 8 8 8 8 10 10 10 10 10 10 10 10 10 11 10 10 11 11 10 10 10 10 10 10 10 10 10 11 10 10 10 10 10 10 10 10 10 10 10 10 10 10 10 10 10 10 10 11 10 10 10 10 10 10 10 11 10 10 10 10 10 10 10 10 11 11 
5 5 5 5 4 5 4 4 4 4 4 4 4 4 4 4 5 5 4 4 9 9 8 9 9 9 9 9 8 8 8 9 9 9 8 8 8 10 10 11 11 11 11 11 10 10 10 10 10 10 11 11 11 11 11 11 10 10 10 10 10 11 10 11 11 10 10 10 10 10 10 10 10 10 10 11 10 10 11 10 11 10 10 10 10 10 10 10 10 10 10 10 10 10 10 10 10 10 10 11 
7 4 5 5 5 4 4 4 4 5 5 5 5 5 5 5 5 4 5 5 9 9 9 9 9 9 9 9 9 9 9 9 9 9 9 9 9 9 10 11 11 11 11 11 11 11 10 11 10 10 10 11 11 10 10 11 11 10 10 10 10 11 10 10 11 10 10 10 10 10 10 10 10 10 10 11 10 10 10 10 10 10 10 10 10 10 11 11 10 11 10 10 10 10 10 10 11 11 10 10 
7 5 4 5 4 4 4 4 4 4 4 5 5 4 4 4 4 4 4 4 8 9 8 8 8 9 9 9 8 8 8 8 9 8 8 8 9 11 10 10 10 10 10 10 10 10 10 10 10 10 11 10 10 11 11 11 10 10 10 10 11 10 10 10 10 10 10 10 10 10 10 10 10 10 10 10 10 10 10 10 10 10 10 10 10 10 10 10 11 10 10 10 10 10 10 10 10 10 11 10 
5 4 5 5 4 4 4 4 4 4 4 5 5 5 5 5 4 4 5 4 8 8 9 9 9 9 9 9 9 9 8 8 9 9 9 9 9 9 11 11 11 11 11 11 10 10 10 10 10 10 10 11 10 11 10 10 10 10 10 10 11 11 11 10 11 11 10 10 11 10 10 10 10 11 10 10 10 10 10 10 10 10 10 10 10 10 10 10 10 10 10 10 10 10 10 10 10 11 11 11 
6 4 4 5 5 4 4 4 4 4 4 5 5 4 5 4 4 4 4 4 10 9 9 8 9 9 9 9 9 8 9 8 9 9 8 10 10 9 11 10 11 11 11 10 10 10 11 11 11 11 11 11 11 11 11 11 11 11 11 10 10 11 10 10 11 10 10 10 11 11 11 11 11 10 10 10 11 11 11 11 11 11 11 10 10 10 10 10 11 11 10 10 10 10 10 10 10 10 10 10 
1 4 5 5 4 4 4 4 4 4 4 4 4 5 5 5 5 5 5 5 9 9 9 9 9 9 9 9 9 9 9 9 9 9 9 9 9 9 11 11 11 11 11 11 10 10 10 10 10 10 10 10 11 10 10 11 11 11 11 10 10 10 10 10 10 10 10 10 11 10 10 10 10 10 10 10 10 10 10 10 11 11 10 10 10 10 10 10 10 10 10 10 10 10 10 10 10 11 10 10 
1 5 4 4 4 4 4 4 4 4 5 5 5 5 5 5 5 4 4 4 8 8 8 8 8 9 9 9 8 8 8 8 8 8 8 8 8 8 8 10 10 11 11 11 10 10 10 10 11 11 10 10 10 10 10 10 10 10 10 10 10 10 11 10 10 10 10 10 10 10 10 10 10 10 10 10 10 10 10 10 10 10 10 10 10 10 10 10 10 10 10 10 10 10 10 10 10 10 10 11 
7 4 4 5 5 4 4 4 4 4 4 4 4 4 4 4 4 4 4 4 8 9 8 9 11 9 9 8 9 8 9 8 9 8 9 9 9 11 11 11 11 11 11 11 11 11 11 11 11 11 11 11 11 10 11 11 10 10 10 10 10 11 10 10 10 10 10 10 11 10 10 10 11 11 11 11 11 11 10 11 11 11 11 11 11 10 11 10 10 10 10 10 10 10 10 10 10 11 11 11 
0 5 5 5 5 5 5 5 5 5 5 5 5 5 5 5 5 5 5 5 9 9 9 9 11 9 9 9 9 9 9 11 11 10 9 8 9 9 9 9 11 11 11 11 10 10 9 9 9 9 11 11 11 8 10 8 10 10 10 8 9 10 10 11 10 10 10 10 8 10 10 10 10 8 8 8 10 10 11 11 10 10 11 8 10 10 10 10 11 8 8 8 10 10 10 8 8 11 10 10 
4 6 7 7 7 7 7 7 7 7 7 7 7 7 7 7 7 7 7 7 13 13 13 13 13 13 13 12 13 13 13 13 13 13 13 13 13 13 13 13 13 13 13 13 13 12 13 13 13 13 13 13 13 12 13 13 13 12 13 13 13 13 13 13 12 12 12 12 12 12 12 12 12 12 12 12 13 12 12 12 12 13 13 13 13 13 13 13 13 13 13 13 13 13 13 13 13 13 13 12 
6 6 7 7 7 7 7 7 7 7 7 7 7 7 7 7 7 7 7 7 13 13 13 13 13 13 13 13 13 15 14 14 15 15 13 13 13 13 13 13 13 13 13 13 13 13 13 13 13 13 13 13 13 13 12 12 12 13 13 13 13 12 13 13 13 13 13 12 13 12 13 12 13 12 12 13 13 13 13 13 13 12 12 13 13 13 13 13 13 13 13 13 13 13 13 13 13 12 13 12 
2 6 7 7 6 6 6 6 6 7 7 7 7 7 7 7 7 7 7 7 13 13 13 13 13 13 13 13 13 13 12 13 13 13 13 15 15 13 13 13 13 13 13 13 13 13 13 13 13 13 13 13 13 13 13 13 13 13 13 13 13 13 13 13 13 13 13 13 13 15 13 12 13 13 13 13 13 13 13 13 13 13 13 13 12 13 13 13 13 13 13 13 13 13 13 13 13 13 12 13 
2 6 6 6 7 7 7 7 7 7 7 7 7 7 7 7 7 7 7 7 13 13 13 13 13 13 13 13 13 13 13 13 13 13 13 13 13 13 13 13 13 13 13 13 13 12 13 13 13 13 13 13 13 13 13 13 13 13 13 13 13 13 13 13 13 13 13 13 12 13 13 12 12 13 13 13 13 12 13 13 13 13 13 13 13 13 13 13 13 13 13 13 13 13 13 13 13 13 13 12 
6 6 7 7 7 7 7 7 7 7 7 7 7 7 6 7 7 6 7 7 13 13 13 13 13 13 13 13 13 13 13 13 13 13 13 13 13 13 13 13 13 13 13 13 13 13 13 13 13 13 13 13 13 13 13 13 13 13 13 13 13 13 13 13 13 13 13 13 12 12 13 13 13 12 13 13 13 12 12 12 12 12 13 12 12 13 13 13 13 13 13 13 13 13 13 13 13 13 13 13 
6 6 7 7 7 7 7 7 7 7 7 7 7 7 7 7 7 7 7 7 13 13 13 13 13 13 13 13 13 13 13 13 13 13 13 13 13 13 13 13 13 13 13 13 13 13 13 13 13 13 13 13 13 13 13 13 13 13 13 13 13 13 13 13 13 13 13 13 13 13 13 13 13 13 13 13 13 13 13 13 13 13 12 13 13 13 13 13 13 13 13 13 13 13 13 13 13 13 13 12 
1 7 7 7 7 7 7 7 7 7 7 7 7 7 7 7 7 7 7 7 13 13 13 13 13 13 13 13 13 13 13 13 13 13 13 13 13 13 13 13 13 13 13 13 13 12 13 13 13 13 13 13 13 12 13 13 13 13 13 13 13 13 13 13 13 13 13 13 13 13 13 13 12 13 13 13 13 12 13 13 13 12 13 13 13 13 13 13 13 12 13 13 13 13 13 13 13 13 13 13 
5 6 6 6 7 6 6 6 6 6 6 6 6 6 6 6 7 6 7 7 13 13 13 13 13 12 12 12 12 12 12 12 12 12 12 12 13 13 13 13 13 13 13 13 13 12 13 13 13 13 13 13 13 13 13 13 13 13 13 13 13 13 13 15 15 15 15 14 15 14 15 12 13 12 12 12 13 13 12 12 12 12 12 13 13 12 13 13 13 13 13 13 13 13 13 13 13 13 12 13 
7 6 7 7 7 7 7 7 6 7 7 7 7 6 6 6 6 6 7 7 13 13 13 13 13 13 13 13 13 13 13 13 13 13 13 13 13 13 13 13 13 13 13 13 13 13 13 13 13 13 13 13 13 13 13 13 13 13 13 13 13 13 13 13 13 13 13 13 13 12 13 12 12 13 12 13 12 12 12 12 12 12 12 12 12 12 12 12 13 13 13 13 13 13 13 13 13 13 13 13 
0 6 7 7 7 7 7 7 7 7 7 7 7 7 7 7 7 6 6 6 12 13 13 13 13 13 12 13 13 12 12 12 13 15 15 13 13 12 13 13 13 13 13 13 13 12 13 13 13 13 13 13 13 13 13 13 13 13 13 13 13 13 13 13 13 13 13 13 13 13 13 12 13 13 12 13 13 12 13 12 13 12 13 12 12 13 13 13 13 13 13 13 13 13 13 13 13 13 12 13 
